# The ISO-8601 standard
# The ISO-8601 standard is the internationally recognized and accepted way to represent dates and times. The standard allows for a common format to not only describe dates, but also to represent ranges and repeating intervals.
# 
# xts makes use of this standard for all extract and replace operations. This makes code both easy to write and easy to maintain. It also makes for very concise expression of date ranges and intervals.
# 
# For xts to work correctly, it is very important to follow the standard exactly. Details can be found in xts subset and .parseISO8601 documentation.
# 
# Which is a valid ISO-8601 string acceptable by xts?
#   
#   Instructions
# 50 XP
# Possible Answers
# 
# "2005-01-02"
# 
# "200501"
# 
# "2010/02/22"    
# 
# (1) and (2) only   <- answer



# Exercise
# Querying for dates
# One of the most powerful aspects of working with time series in xts is the ability to quickly and efficiently specify dates and time ranges for subsetting.
# 
# Date ranges can be extracted from xts objects by simply specifying the period(s) you want using special character strings in your subset.
# 
# A["20090825"]       ## Aug 25, 2009
# A["201203/201212"]  ## Mar to Dec 2012
# A["/201601"]        ## Up to and including January 2016
# For this exercise you will create a simple but very common query. Extract a range of dates using the ISO-8601 feature of xts. After successfully extracting a full year, you will then create a subset of your new object with specific start and end dates using this same notation.
# 
# Let's find some time!
# 
# Instructions
# 100 XP
# Using xts-style time subsetting, select only the year 2016 from the x time series, and call this x_2016.
# Using an explicit start and end date string, get all data from January 1, 2016 through March 22, 2016. Call this jan_march.
# To ensure that you subset all 82 rows, use the length function.

x <- c(-1.2722,0.0402,-0.2771,0.7793,0.6814,-1.3172,-0.5762,0.4719,1.1769,-0.8311,-0.3612,0.2638,0.2647,1.5329,0.4953,-1.8848,1.0209,-0.245,-0.8658,0.8386,0.3332,-1.4262,1.1097,2.0067,0.9152,-0.4766,-1.1928,-1.5512,0.6542,-0.6278,-0.2096,-0.0664,1.1579,1.6151,0.9434,1.5296,-0.9412,-0.192,-1.4044,0.8381,0.3328,1.901,0.841,1.3482,-1.454,-0.0492,-0.4085,-0.4515,1.0825,-0.0128,-0.4043,1.5428,-0.7099,0.7866,-1.2175,-0.8735,-0.296,0.6007,0.064,-0.1231,1.0385,1.5118,-0.4232,-2.181,-0.9313,1.0957,-0.2674,-1.7058,-0.6994,0.9542,-0.3013,0.6253,-0.0413,2.9007,-0.8573,-0.3057,0.7327,-0.5637,0.7956,0.3419,-0.2802,-0.6607,1.1971,-0.2855,0.3509,0.0807,-0.6099,-0.8166,-0.1872,1.3573,-0.0684,1.231,0.9812,-0.9463,1.7996,1.7758,-0.3775,-0.2684,-1.0615,0.8434,1.0408,-0.1246,0.1971,-1.4582,0.3209,-1.2709,1.3389,1.507,0.0847,-0.4126,-0.7799,0.5131,1.2639,0.1666,-1.5222,0.3939,-0.3199,3.2267,0.127,-0.0638,0.6532,-1.5705,-0.0613,0.552,0.5999,0.7486,-1.3367,-0.1969,0.1748,0.3882,-0.2436,2.2401,0.4145,0.5484,-1.5352,0.249,-0.8674,-0.4173,0.6557,1.189,2.0796,0.319,0.1119,0.2381,0.6747,1.0217,0.2524,1.2363,-2.0311,-0.2899,0.012,-0.8315,-0.0515,0.2238,-0.1052,0.5158,0.6469,-0.9675,0.2479,-0.2779,-0.9175,-1.8948,0.0227,-1.6378,0.6034,-1.9985,-0.0146,-0.7408,-0.0718,0.14,1.1308,0.4945,0.7214,-1.6899,-1.6459,1.2874,0.8295,0.2506,-1.8771,1.1319,0.5331,0.4273,-1.4192,0.139,0.4163,-0.305,-0.9018,-0.202,1.5873,-0.0147,0.8667,0.6027,-1.1912,-0.3486,0.0151,1.2293,2.6327,-3.7736,0.2604,-1.0458,-0.2078,-2.0524,0.1349,0.3081,-0.4476,-0.5725,1.1818,0.4153,1.1728,0.4606,2.6494,0.7261,-0.9295,0.5852,0.6105,-0.6426,-0.1386,0.2418,0.9751,-1.4261,0.3127,-0.7843,0.4354,-1.351,-0.414,-1.091,-0.1054,1.021,-0.4749,-0.163,2.3877,-1.7895,-0.8843,0.3817,1.5927,1.0064,-0.3578,-0.0372,-0.6114,2.2127,0.1604,-2.0336,1.1233,-0.2173,0.1082,-0.5833,1.579,-1.3848,-0.51,-0.275,1.5013,-1.8891,-1.2169,-0.8331,0.1216,2.1737,1.0373,1.1901,0.669,1.0062,1.2959,0.6143,-1.0355,2.1741,-0.2702,0.8706,-1.4515,-0.003,0.9719,-0.6056,-0.34,1.0143,0.3553,-0.9035,0.703,-0.096,-0.7906,0.9098,-0.0917,-0.1658,0.4816,1.5607,-0.3844,-1.5651,0.8347,-1.1282,-0.4047,-1.0554,0.421,0.9934,-1.1058,1.4442,-1.247,0.2517,0.6711,1.2324,-0.571,-0.0288,-0.9648,1.0532,-0.6185,0.5602,1.5598,1.5258,0.0197,-0.6179)
